A=[16 5 9 4;2 11 7 14;3 10 6 15;13 8 12 1]
B=A'
C=B(:,1:2)

v=[1;2;3;4;5;6]
w=[6;5;4;3;2;1]
z=v*w'
e=z^2